100111
100123
100222
100234
100321
100333
100345
100432
100444
100456
100520
100521
100543
100555
100567
100654
100666
100678
100765
100777
100789
100876
100888
100987
100999
101110
101111
101112
101113
101114
101115
101116
101117
101118
101119
101122
101123
101212
101222
101230
101231
101232
101233
101234
101235
101236
101237
101238
101239
101314
101321
101333
101345
101413
101432
101444
101456
101520
101521
101543
101555
101567
101654
101666
101678
101765
101777
101789
101876
101888
101987
101999
102111
102121
102123
102211
102220
102221
102222
102223
102224
102225
102226
102227
102228
102229
102233
102234
102321
102323
102333
102340
102341
102342
102343
102344
102345
102346
102347
102348
102349
102432
102444
102456
102520
102521
102543
102555
102567
102654
102666
102678
102765
102777
102789
102876
102888
102987
102999
103111
103123
103210
103211
103212
103213
103214
103215
103216
103217
103218
103219
103222
103232
103234
103321
103322
103330
103331
103332
103333
103334
103335
103336
103337
103338
103339
103344
103345
103432
103434
103444
103450
103451
103452
103453
103454
103455
103456
103457
103458
103459
103520
103521
103543
103555
103567
103654
103666
103678
103765
103777
103789
103876
103888
103987
103999
104111
104123
104222
104234
104320
104321
104322
104323
104324
104325
104326
104327
104328
104329
104333
104343
104345
104432
104433
104440
104441
104442
104443
104444
104445
104446
104447
104448
104449
104455
104456
104520
104521
104543
104545
104555
104560
104561
104562
104563
104564
104565
104566
104567
104568
104569
104654
104666
104678
104765
104777
104789
104876
104888
104987
104999
105111
105123
105200
105201
105202
105203
105204
105205
105206
105207
105208
105209
105210
105211
105212
105213
105214
105215
105216
105217
105218
105219
105222
105234
105321
105333
105345
105430
105431
105432
105433
105434
105435
105436
105437
105438
105439
105444
105454
105456
105520
105521
105543
105544
105550
105551
105552
105553
105554
105555
105556
105557
105558
105559
105566
105567
105654
105656
105666
105670
105671
105672
105673
105674
105675
105676
105677
105678
105679
105765
105777
105789
105876
105888
105987
105999
106111
106123
106222
106234
106321
106333
106345
106432
106444
106456
106520
106521
106540
106541
106542
106543
106544
106545
106546
106547
106548
106549
106555
106565
106567
106654
106655
106660
106661
106662
106663
106664
106665
106666
106667
106668
106669
106677
106678
106765
106767
106777
106780
106781
106782
106783
106784
106785
106786
106787
106788
106789
106876
106888
106987
106999
107111
107123
107222
107234
107321
107333
107345
107432
107444
107456
107520
107521
107543
107555
107567
107650
107651
107652
107653
107654
107655
107656
107657
107658
107659
107666
107676
107678
107765
107766
107770
107771
107772
107773
107774
107775
107776
107777
107778
107779
107788
107789
107876
107878
107888
107890
107891
107892
107893
107894
107895
107896
107897
107898
107899
107987
107999
108111
108123
108222
108234
108321
108333
108345
108432
108444
108456
108520
108521
108543
108555
108567
108654
108666
108678
108760
108761
108762
108763
108764
108765
108766
108767
108768
108769
108777
108787
108789
108876
108877
108880
108881
108882
108883
108884
108885
108886
108887
108888
108889
108899
108987
108989
108999
109111
109123
109222
109234
109321
109333
109345
109432
109444
109456
109520
109521
109543
109555
109567
109654
109666
109678
109765
109777
109789
109870
109871
109872
109873
109874
109875
109876
109877
109878
109879
109888
109898
109987
109988
109990
109991
109992
109993
109993
109994
109995
109996
109997
109998
109999
110111
110123
110222
110234
110321
110333
110345
110432
110444
110456
110520
110521
110543
110555
110567
110654
110666
110678
110765
110777
110789
110876
110888
110987
110999
111000
111001
111002
111003
111004
111005
111006
111007
111008
111009
111010
111011
111012
111013
111014
111015
111016
111017
111018
111019
111020
111021
111022
111023
111024
111025
111026
111027
111028
111029
111030
111031
111032
111033
111034
111035
111036
111037
111038
111039
111040
111041
111042
111043
111044
111045
111046
111047
111048
111049
111050
111051
111052
111053
111054
111055
111056
111057
111058
111059
111060
111061
111062
111063
111064
111065
111066
111067
111068
111069
111070
111071
111072
111073
111074
111075
111076
111077
111078
111079
111080
111081
111082
111083
111084
111085
111086
111087
111088
111089
111090
111091
111092
111093
111094
111095
111096
111097
111098
111099
111100
111101
111102
111103
111104
111105
111106
111107
111108
111109
111110
111111
111112
111113
111114
111115
111116
111117
111118
111119
111120
111121
111122
111123
111124
111125
111126
111127
111128
111129
111130
111131
111132
111133
111134
111135
111136
111137
111138
111139
111140
111141
111142
111143
111144
111145
111146
111147
111148
111149
111150
111151
111152
111153
111154
111155
111156
111157
111158
111159
111160
111161
111162
111163
111164
111165
111166
111167
111168
111169
111170
111171
111172
111173
111174
111175
111176
111177
111178
111179
111180
111181
111182
111183
111184
111185
111186
111187
111188
111189
111190
111191
111192
111193
111194
111195
111196
111197
111198
111199
111200
111201
111202
111203
111204
111205
111206
111207
111208
111209
111210
111211
111212
111213
111214
111215
111216
111217
111218
111219
111220
111221
111222
111223
111224
111225
111226
111227
111228
111229
111230
111231
111232
111233
111234
111235
111236
111237
111238
111239
111240
111241
111242
111243
111244
111245
111246
111247
111248
111249
111250
111251
111252
111253
111254
111255
111256
111257
111258
111259
111260
111261
111262
111263
111264
111265
111266
111267
111268
111269
111270
111271
111272
111273
111274
111275
111276
111277
111278
111279
111280
111281
111282
111283
111284
111285
111286
111287
111288
111289
111290
111291
111292
111293
111294
111295
111296
111297
111298
111299
111300
111301
111302
111303
111304
111305
111306
111307
111308
111309
111310
111311
111312
111313
111314
111315
111316
111317
111318
111319
111320
111321
111322
111323
111324
111325
111326
111327
111328
111329
111330
111331
111332
111333
111334
111335
111336
111337
111338
111339
111340
111341
111342
111343
111344
111345
111346
111347
111348
111349
111350
111351
111352
111353
111354
111355
111356
111357
111358
111359
111360
111361
111362
111363
111364
111365
111366
111367
111368
111369
111370
111371
111372
111373
111374
111375
111376
111377
111378
111379
111380
111381
111382
111383
111384
111385
111386
111387
111388
111389
111390
111391
111392
111393
111394
111395
111396
111397
111398
111399
111400
111401
111402
111403
111404
111405
111406
111407
111408
111409
111410
111411
111412
111413
111414
111415
111416
111417
111418
111419
111420
111421
111422
111423
111424
111425
111426
111427
111428
111429
111430
111431
111432
111433
111434
111435
111436
111437
111438
111439
111440
111441
111442
111443
111444
111445
111446
111447
111448
111449
111450
111451
111452
111453
111454
111455
111456
111457
111458
111459
111460
111461
111462
111463
111464
111465
111466
111467
111468
111469
111470
111471
111472
111473
111474