107788
107789
107876
107878
107888
107890
107891
107892
107893
107894
107895
107896
107897
107898
107899
107987
107999
108111
108123
108222
108234
108321
108333
108345
108432
108444
108456
108520
108521
108543
108555
108567
108654
108666
108678
108760
108761
108762
108763
108764
108765
108766
108767
108768
108769
108777
108787
108789
108876
108877
108880
108881
108882
108883
108884
108885
108886
108887
108888
108889
108899
108987
108989
108999
109111
109123
109222
109234
109321
109333
109345
109432
109444
109456
109520
109521
109543
109555
109567
109654
109666
109678
109765
109777
109789
109870
109871
109872
109873
109874
109875
109876
109877
109878
109879
109888
109898
109987
109988
109990
109991
109992
109993
109993
109994
109995
109996
109997
109998
109999
110111
110123
110222
110234
110321
110333
110345
110432
110444
110456
110520
110521
110543
110555
110567
110654
110666
110678
110765
110777
110789
110876
110888
110987
110999
111000
111001
111002
111003
111004
111005
111006
111007
111008
111009
111010
111011
111012
111013
111014
111015
111016
111017
111018
111019
111020
111021
111022
111023
111024
111025
111026
111027
111028
111029
111030
111031
111032
111033
111034
111035
111036
111037
111038
111039
111040
111041
111042
111043
111044
111045
111046
111047
111048
111049
111050
111051
111052
111053
111054
111055
111056
111057
111058
111059
111060
111061
111062
111063
111064
111065
111066
111067
111068
111069
111070
111071
111072
111073
111074
111075
111076
111077
111078
111079
111080
111081
111082
111083
111084
111085
111086
111087
111088
111089
111090
111091
111092
111093
111094
111095
111096
111097
111098
111099
111100
111101
111102
111103
111104
111105
111106
111107
111108
111109
111110
111111
111112
111113
111114
111115
111116
111117
111118
111119
111120
111121
111122
111123
111124
111125
111126
111127
111128
111129
111130
111131
111132
111133
111134
111135
111136
111137
111138
111139
111140
111141
111142
111143
111144
111145
111146
111147
111148
111149
111150
111151
111152
111153
111154
111155
111156
111157
111158
111159
111160
111161
111162
111163
111164
111165
111166
111167
111168
111169
111170
111171
111172
111173
111174
111175
111176
111177
111178
111179
111180
111181
111182
111183
111184
111185
111186
111187
111188
111189
111190
111191
111192
111193
111194
111195
111196
111197
111198
111199
111200
111201
111202
111203
111204
111205
111206
111207
111208
111209
111210
111211
111212
111213
111214
111215
111216
111217
111218
111219
111220
111221
111222
111223
111224
111225
111226
111227
111228
111229
111230
111231
111232
111233
111234
111235
111236
111237
111238
111239
111240
111241
111242
111243
111244
111245
111246
111247
111248
111249
111250
111251
111252
111253
111254
111255
111256
111257
111258
111259
111260
111261
111262
111263
111264
111265
111266
111267
111268
111269
111270
111271
111272
111273
111274
111275
111276
111277
111278
111279
111280
111281
111282
111283
111284
111285
111286
111287
111288
111289
111290
111291
111292
111293
111294
111295
111296
111297
111298
111299
111300
111301
111302
111303
111304
111305
111306
111307
111308
111309
111310
111311
111312
111313
111314
111315
111316
111317
111318
111319
111320
111321
111322
111323
111324
111325
111326
111327
111328
111329
111330
111331
111332
111333
111334
111335
111336
111337
111338
111339
111340
111341
111342
111343
111344
111345
111346
111347
111348
111349
111350
111351
111352
111353
111354
111355
111356
111357
111358
111359
111360
111361
111362
111363
111364
111365
111366
111367
111368
111369
111370
111371
111372
111373
111374
111375
111376
111377
111378
111379
111380
111381
111382
111383
111384
111385
111386
111387
111388
111389
111390
111391
111392
111393
111394
111395
111396
111397
111398
111399
111400
111401
111402
111403
111404
111405
111406
111407
111408
111409
111410
111411
111412
111413
111414
111415
111416
111417
111418
111419
111420
111421
111422
111423
111424
111425
111426
111427
111428
111429
111430
111431
111432
111433
111434
111435
111436
111437
111438
111439
111440
111441
111442
111443
111444
111445
111446
111447
111448
111449
111450
111451
111452
111453
111454
111455
111456
111457
111458
111459
111460
111461
111462
111463
111464
111465
111466
111467
111468
111469
111470
111471
111472
111473
111474
111520
111521
111555
111666
111777
111888
111999
112111
112120
112121
112121
112122
112123
112124
112125
112126
112127
112128
112129
112211
112220
112221
112222
112223
112224
112225
112226
112227
112228
112229
112233
112323
112333
112444
112520
112521
112555
112666
112777
112888
112999
113111
113140
113141
113142
113143
113144
113145
113146
113147
113148
113149
113222
113232
113322
113330
113331
113332
113333
113334
113335
113336
113337
113338
113339
113344
113434
113444
113520
113521
113555
113666
113777
113888
113999
114111
114222
114333
114343
114433
114440
114441
114442
114443
114444
114445
114446
114447
114448
114449
114455
114520
114521
114545
114555
114666
114777
114888
114999
115111
115200
115201
115202
115203
115204
115205
115206
115207
115208
115209
115210
115211
115212
115213
115214
115215
115216
115217
115218
115219
115222
115333
115444
115454
115520
115521
115544
115550
115551
115552
115553
115554
115555
115556
115557
115558
115559
115566
115656
115666
115777
115888
115999
116111
116222
116333
116444
116520
116521
116555
116565
116655
116660
116661
116662
116663
116664
116665
116666
116667
116668
116669
116677
116777
116888
116999
117111
117222
117333
117444
117520
117521
117555
117666
117676
117766
117770
117771
117772
117773
117774
117775
117776
117777
117778
117779
117788
117878
117888
117999
118111
118222
118333
118444
118520
118521
118555
118666
118777
118787
118877
118880
118881
118882
118883
118884
118885
118886
118887
118888
118889
118899
118989
118999
119111
119222
119333
119444
119520
119521
119555
119666
119777
119888
119898
119988
119990
119991
119992
119993
119994
119995
119996
119997
119998
119999
120111
120222
120333
120444
120520
120521
120555
120666
120777
120888
120999
121110
121111
121112
121113
121114
121115
121116
121117
121118
121119
121122
121210
121211
121212
121213
121214
121215
121216
121217
121218
121219
121222
121314
121314
121333
121444
121520
121521
121555
121666
121777
121888
121999
122110
122111
122111
122112
122113
122114
122115
122116
122117
122118
122119
122121
122200
122201
122202
122203
122204
122205
122206
122207
122208
122209
122210
122211
122211
122212
122213
122214
122215
122216
122217
122218
122219
122220
122221
122222
122223
122224
122225
122226
122227
122228
122229
122230
122231
122232
122233
122233
122234
122235
122236
122237
122238
122239
122240
122241
122242
122243
122244
122245
122246
122247
122248
122249
122250
122251
122252
122253
122254
122255
122256
122257
122258
122259
122260
122261
122262
122263
122264
122265
122266
122267
122268
122269
122270
122271
122272
122273
122274
122275
122276
122277
122278
122279
122280
122281
122282
122283
122284
122285
122286
122287
122288
122289
122290
122291
122292
122293
122294
122295
122296
122297
122298
122299
122323
122330
122331
122332
122333
122333
122334
122335
122336
122337
122338
122339
122444
122520
122521
122555
122666
122777
122888
122999
123111
123222
123230
123231
123232
123232
123233
123234
123235
123236
123237
123238
123239
123322
123330
123331
123332
123333
123334
123335
123336
123337
123338
123339
123344
123434
123444
123520
123521
123555
123666
123777
123888
123999
124111
124222
124333
124343
124433
124440
124441
124442
124443
124444
124445
124446
124447
124448
124449
124455
124520
124521
124545
124555
124666
124777
124888
124999
125111
125200
125201
125202
125203
125204
125205
125206
125207
125208
125209
125210
125211
125212
125213
125214
125215
125216
125217
125218
125219
125222
125333
125444
125454
125520
125521
125544
125550
125551
125552
125553
125554
125555
125556
125557
125558
125559
125566
125656
125666
125777
125888
125999
126111
126222
126333
126444
126520
126521
126555
126565
126655
126660
126661
126662
126663
126664
126665
126666
126667
126668
126669
126677
126777
126888
126999
127111
127222
127333
127444
127520
127521
127555
127666
127676
127766
127770
127771
127772
127773
127774
127775
127776
127777
127778
127779
127788
127878
127888
127999
128111
128222
128333
128444
128520
128521
128555
128666
128777
128787
128877
128880
128881
128882
128883
128884
128885
128886
128887
128888
128889
128899
128989
128999
129111
129222
129333
129444
129520
129521
129555
129666
129777
129888
129898
129988
129990
129991
129992
129993
129994
129995
129996
129997
129998
129999
130111
130222
130333
130444
130520
130521
130555
130666
130777
130888
130999
131110
131111
131112
131113
131114
131115
131116
131117
131118
131119
131122
131212
131222
131314
131314
131333
131444
131520
131521
131555
131666
131777
131888
131999
132111
132121
132211
132220
132221
132222
132223
132224
132225
132226
132227
132228
132229
132233
132320
132321
132322
132323
132323
132324
132325
132326
132327
132328
132329
132333
132444
132520
132521
132555
132666
132777
132888
132999
133111
133220
133221
133222
133222
133223
133224
133225
133226
133227
133228
133229
133232
133300
133301
133302
133303
133304
133305
133306
133307
133308
133309
133310
133311
133312
133313
133314
133315
133316
133317
133318
133319
133320
133321
133322
133322
133323
133324
133325
133326
133327
133328
133329
133330
133331
133332
133333
133334
133335
133336
133337
133338
133339
133340
133341
133342
133343
133344
133344
133345
133346
133347
133348
133349
133350
133351
133352
133353
133354
133355
133356
133357
133358
133359
133360
133361
133362
133363
133364
133365
133366
133367
133368
133369
133370
133371
133372
133373
133374
133375
133376
133377
133378
133379
133380
133381
133382
133383
133384
133385
133386
133387
133388
133389
133390
133391
133392
133393
133394
133395
133396
133397
133398
133399
133434
133440
133441
133442
133443
133444
133444
133445
133446
133447
133448
133449
133520
133521
133555
133666
133777
133888
133999
134111
134222
134333
134340
134341
134342
134343
134343
134344
134345
134346
134347
134348
134349
134433
134440
134441
134442
134443
134444
134445
134446
134447
134448
134449
134455
134520
134521
134545
134555
134666
134777
134888
134999
135111
135200
135201
135202
135203
135204
135205
135206
135207
135208
135209
135210
135211
135212
135213
135214
135215
135216
135217
135218
135219
135222
135333
135444
135454
135520
135521
135544
135550
135551
135552
135553
135554
135555
135556
135557
135558
135559
135566
135656
135666
135777
135888
135999
136111
136222
136333
136444
136520
136521
136555
136565
136655
136660
136661
136662
136663
136664
136665
136666
136667
136668
136669
136677
136777
136888
136999
137111
137222
137333
137444
137520
137521
137555
137666
137676
137766
137770
137771
137772
137773
137774
137775
137776
137777
137778
137779
137788
137878
137888
137999
138111
138222
138333
138444
138520
138521
138555
138666
138777
138787
138877
138880
138881
138882
138883
138884
138885
138886
138887
138888
138889
138899
138989
138999
139111
139222
139333
139444
139520
139521
139555
139666
139777
139888
139898
139988
139990
139991
139992
139993
139994
139995
139996
139997
139998
139999
140111
140222
140333
140444
140520
140521
140555
140666
140777
140888
140999
141110
141111
141112
141113
141114
141115
141116
141117
141118
141119
141122
141212
141222
141314
141314
141333
141444
141520
141521
141555
141666
141777
141888
141999
142111
142121
142211
142220
142221
142222
142223
142224
142225
142226
142227
142228
142229
142233
142323
142333
142444
142520
142521
142555
142666
142777
142888
142999
143111
143222
143232
143322
143330
143331
143332
143333
143334
143335
143336
143337
143338
143339
143344
143430
143431
143432
143433
143434
143434
143435
143436
143437
143438
143439
143444
143520
143521
143555
143666
143777
143888
143999
144111
144222
144330
144331
144332
144333
144333
144334
144335
144336
144337
144338
144339
144343
144400
144401
144402
144403
144404
144405
144406
144407
144408
144409
144410
144411
144412
144413
144414
144415
144416
144417
144418
144419
144420
144421
144422
144423
144424
144425
144426
144427
144428
144429
144430
144431
144432
144433
144433
144434
144435
144436
144437
144438
144439
144440
144441
144442
144443
144444
144445
144446
144447
144448
144449
144450
144451
144452
144453
144454
144455
144455
144456
144457
144458
144459
144460
144461
144462
144463
144464
144465
144466
144467
144468
144469
144470
144471
144472
144473
144474
144475
144476
144477
144478
144479
144480
144481
144482
144483
144484
144485
144486
144487
144488
144489
144490
144491
144492
144493
144494
144495
144496
144497
144498
144499
144520
144521
144545
144550
144551
144552
144553
144554
144555
144555
144556
144557
144558
144559
144666
144777
144888
144999
145111
145200
145201
145202
145203
145204
145205
145206
145207
145208
145209
145210
145211
145212
145213
145214
145215
145216
145217
145218
145219
145222
145333
145444
145450
145451
145452
145453
145454
145454
145455
145456
145457
145458
145459
145520
145521
145544
145550
145551
145552
145553
145554
145555
145556
145557
145558
145559
145566
145656
145666
145777
145888
145999
146111
146222
146333
146444
146520
146521
146555
146565
146655
146660
146661
146662
146663
146664
146665
146666
146667
146668
146669
146677
146777
146888
146999
147111
147222
147333
147444
147520
147521
147555
147666
147676
147766
147770
147771
147772
147773
147774
147775
147776
147777
147778
147779
147788
147878
147888
147999
148111
148222
148333
148444
148520
148521
148555
148666
148777
148787
148877
148880
148881
148882
148883
148884
148885
148886
148887
148888
148889
148899
148989
148999
149111
149222
149333
149444
149520
149521
149555
149666
149777
149888
149898
149988
149990
149991
149992
149993
149994
149995
149996
149997
149998
149999
150111
150222
150333
150444
150520
150521
150555
150666
150777
150888
150999
151110
151111
151112
151113
151114
151115
151116
151117
151118
151119
151122
151212
151222
151314
151333
151444
151520
151521
151555
151666
151777
151888
151999
152000
152001
152002
152003
152004
152005
152006
152007
152008
152009
152010
152011
152012
152013
152014
152015
152016
152017
152018
152019
152020
152021
152022
152023
152024
152025
152026
152027
152028
152029
152030
152031
152032
152033
152034
152035
152036
152037
152038
152039
152040
152041
152042
152043
152044
152045
152046
152047
152048
152049
152050
152051
152052
152053
152054
152055
152056
152057
152058
152059
152060
152061
152062
152063
152064
152065
152066
152067
152068
152069
152070
152071
152072
152073
152074
152075
152076
152077
152078
152079
152080
152081
152082
152083
152084
152085
152086
152087
152088
152089
152090
152091
152092
152093
152094
152095
152096
152097
152098
152099
152100
152101
152102
152103
152104
152105
152106
152107
152108
152109
152110
152111
152111
152112
152113
152114
152115
152116
152117
152118
152119
152120
152121
152121
152122
152123
152124
152125
152126
152127
152128
152129
152130
152131
152132
152133
152134
152135
152136
152137
152138
152139
152140
152141
152142
152143
152144
152145
152146
152147
152148
152149
152150
152151
152152
152153
152154
152155
152156
152157
152158
152159
152160
152161
152162
152163
152164
152165
152166
152167
152168
152169
152170
152171
152172
152173
152174
152175
152176
152177
152178
152179
152180
152181
152182
152183
152184
152185
152186
152187
152188
152189
152190
152191
152192
152193
152194
152195
152196
152197
152198
152199
152211
152220
152221
152222
152223
152224
152225
152226
152227
152228
152229
152233
152323
152333
152444
152520
152521
152555
152666
152777
152888
152999
153111
153222
153232
153322
153330
153331
153332
153333
153334
153335
153336
153337
153338
153339
153344
153434
153444
153520
153521
153555
153666
153777
153888
153999
154111
154222
154333
154343
154433
154440
154441
154442
154443
154444
154445
154446
154447
154448
154449
154455
154520
154521
154540
154541
154542
154543
154544
154545
154545
154546
154547
154548
154549
154555
154666
154777
154888
154999
155111
155200
155201
155202
155203
155204
155205
155206
155207
155208
155209
155210
155211
155212
155213
155214
155215
155216
155217
155218
155219
155222
155333
155440
155441
155442
155443
155444
155444
155445
155446
155447
155448
155449
155454
155500
155501
155502
155503
155504
155505
155506
155507
155508
155509
155510
155511
155512
155513
155514
155515
155516
155517
155518
155519
155520
155520
155521
155521
155522
155523
155524
155525
155526
155527
155528
155529
155530
155531
155532
155533
155534
155535
155536
155537
155538
155539
155540
155541
155542
155543
155544
155544
155545
155546
155547
155548
155549
155550
155551
155552
155553
155554
155555
155556
155557
155558
155559
155560
155561
155562
155563
155564
155565
155566
155566
155567
155568
155569
155570
155571
155572
155573
155574
155575
155576
155577
155578
155579
155580
155581
155582
155583
155584
155585
155586
155587
155588
155589
155590
155591
155592
155593
155594
155595
155596
155597
155598
155599
155656
155660
155661
155662
155663
155664
155665
155666
155666
155667
155668
155669
155777
155888
155999
156111
156222
156333
156444
156520
156521
156555
156560
156561
156562
156563
156564
156565
156565
156566
156567
156568
156569
156655
156660
156661
156662
156663
156664
156665
156666
156667
156668
156669
156677
156777
156888
156999
157111
157222
157333
157444
157520
157521
157555
157666
157676
157766
157770
157771
157772
157773
157774
157775
157776
157777
157778
157779
157788
157878
157888
157999
158111
158222
158333
158444
158520
158521
158555
158666
158777
158787
158877
158880
158881
158882
158883
158884
158885
158886
158887
158888
158889
158899
158989
158999
159111
159222
159333
159444
159520
159521
159555
159666
159777
159888
159898
159988
159990
159991
159992
159993
159994
159995
159996
159997
159998
159999
160111
160222
160333
160444
160520
160521
160555
160666
160777
160888
160999
161110
161111
161112
161113
161114
161115
161116
161117
161118
161119
161122
161212
161222
161314
161314
161333
161444
161520
161521
161555
161666
161777
161888
161999
162111
162121
162211
162220
162221
162222
162223
162224
162225
162226
162227
162228
162229
162233
162323
162333
162444
162520
162521
162555
162666
162777
162888
162999
163111
163222
163232
163322
163330
163331
163332
163333
163334
163335
163336
163337
163338
163339
163344
163434
163444
163520
163521
163555
163666
163777
163888
163999
164111
164222
164333
164343
164433
164440
164441
164442
164443
164444
164445
164446
164447
164448
164449
164455
164520
164521
164545
164555
164666
164777
164888
164999
165111
165200
165201
165202
165203
165204
165205
165206
165207
165208
165209
165210
165211
165212
165213
165214
165215
165216
165217
165218
165219
165222
165333
165444
165454
165520
165521
165544
165550
165551
165552
165553
165554
165555
165556
165557
165558
165559
165566
165650
165651
165652
165653
165654
165655
165656
165656
165657
165658
165659
165666
165777
165888
165999
166111
166222
166333
166444
166520
166521
166550
166551
166552
166553
166554
166555
166555
166556
166557
166558
166559
166565
166600
166601
166602
166603
166604
166605
166606
166607
166608
166609
166610
166611
166612
166613
166614
166615
166616
166617
166618
166619
166620
166621
166622
166623
166624
166625
166626
166627
166628
166629
166630
166631
166632
166633
166634
166635
166636
166637
166638
166639
166640
166641
166642
166643
166644
166645
166646
166647
166648
166649
166650
166651
166652
166653
166654
166655
166655
166656
166657
166658
166659
166660
166661
166662
166663
166664
166665
166666
166667
166668
166669
166670
166671
166672
166673
166674
166675
166676
166677
166677
166678
166679
166680
166681
166682
166683
166684
166685
166686
166687
166688
166689
166690
166691
166692
166693
166694
166695
166696
166697
166698
166699
166770
166771
166772
166773
166774
166775
166776
166777
166777
166778
166779
166888
166999
167111
167222
167333
167444
167520
167521
167555
167666
167676
167766
167770
167771
167772
167773
167774
167775
167776
167777
167778
167779
167788
167878
167888
167999
168111
168222
168333
168444
168520
168521
168555
168666
168777
168787
168877
168880
168881
168882
168883
168884
168885
168886
168887
168888
168889
168899
168989
168999
169111
169222
169333
169444
169520
169521
169555
169666
169777
169888
169898
169988
169990
169991
169992
169993
169994
169995
169996
169997
169998
169999
170111
170222
170333
170444
170520
170521
170555
170666
170777
170888
170999
171110
171111
171112
171113
171114
171115
171116
171117
171118
171119
171122
171212
171222
171314
171314
171333
171444
171520
171521
171555
171666
171777
171888
171999
172111
172121
172211
172220
172221
172222
172223
172224
172225
172226
172227
172228
172229
172233
172323
172333
172444
172520
172521
172555
172666
172777
172888
172999
173111
173222
173232
173322
173330
173331
173332
173333
173334
173335
173336
173337
173338
173339
173344
173434
173444
173520
173521
173555
173666
173777
173888
173999
174111
174222
174333
174343
174433
174440
174441
174442
174443
174444
174445
174446
174447
174448
174449
174455
174520
174521
174545
174555
174666
174777
174888
174999
175111
175200
175201
175202
175203
175204
175205
175206
175207
175208
175209
175210
175211
175212
175213
175214
175215
175216
175217
175218
175219
175222
175333
175444
175454
175520
175521
175544
175550
175551
175552
175553
175554
175555
175556
175557
175558
175559
175566
175656
175666
175777
175888
175999
176111
176222
176333
176444
176520
176521
176555
176565
176655
176660
176661
176662
176663
176664
176665
176666
176667
176668
176669
176677
176760
176761
176762
176763
176764
176765
176766
176767
176768
176769
176777
176888
176999
177111
177222
177333
177444
177520
177521
177555
177660
177661
177662
177663
177664
177665
177666
177666
177667
177668
177669
177676
177700
177701
177702
177703
177704
177705
177706
177707
177708
177709
177710
177711
177712
177713
177714
177715
177716
177717
177718
177719
177720
177721
177722
177723
177724
177725
177726
177727
177728
177729
177730
177731
177732
177733
177734
177735
177736
177737
177738
177739
177740
177741
177742
177743
177744
177745
177746
177747
177748
177749
177750
177751
177752
177753
177754
177755
177756
177757
177758
177759
177760
177761
177762
177763
177764
177765
177766
177766
177767
177768
177769
177770
177771
177772
177773
177774
177775
177776
177777
177778
177779
177780
177781
177782
177783
177784
177785
177786
177787
177788
177788
177789
177790
177791
177792
177793
177794
177795
177796
177797
177798
177799
177878
177880
177881
177882
177883
177884
177885
177886
177887
177888
177888
177889
177999
178111
178222
178333
178444
178520
178521
178555
178666
178777
178780
178781
178782
178783
178784
178785
178786
178787
178787
178788
178789
178877
178880
178881
178882
178883
178884
178885
178886
178887
178888
178889
178899
178989
178999
179111
179222
179333
179444
179520
179521
179555
179666
179777
179888
179898
179988
179990
179991
179992
179993
179994
179995
179996
179997
179998
179999
180111
180222
180333
180444
180520
180521
180555
180666
180777
180888
180999
181110
181111
181112
181113
181114
181115
181116
181117
181118
181119
181122
181212
181222
181314
181314
181333
181444
181520
181521
181555
181666
181777
181888
181999
182111
182121
182211
182220
182221
182222
182223
182224
182225
182226
182227
182228
182229
182233
182323
182333
182444
182520
182521
182555
182666
182777
182888
182999
183111
183222
183232
183322
183330
183331
183332
183333
183334
183335
183336
183337
183338
183339
183344
183434
183444
183520
183521
183555
183666
183777
183888
183999
184111
184222
184333
184343
184433
184440
184441
184442
184443
184444
184445
184446
184447
184448
184449
184455
184520
184521
184545
184555
184666
184777
184888
184999
185111
185200
185201
185202
185203
185204
185205
185206
185207
185208
185209
185210
185211
185212
185213
185214
185215
185216
185217
185218
185219
185222
185333
185444
185454
185520
185521
185544
185550
185551
185552
185553
185554
185555
185556
185557
185558
185559
185566
185656
185666
185777
185888
185999
186111
186222
186333
186444
186520
186521
186555
186565
186655
186660
186661
186662
186663
186664
186665
186666
186667
186668
186669
186677
186777
186888
186999
187111
187222
187333
187444
187520
187521
187555
187666
187676
187766
187770
187771
187772
187773
187774
187775
187776
187777
187778
187779
187788
187870
187871
187872
187873
187874
187875
187876
187877
187878
187878
187879
187888
187999
188111
188222
188333
188444
188520
188521
188555
188666
188770
188771
188772
188773
188774
188775
188776
188777
188777
188778
188779
188787
188800
188801
188802
188803
188804
188805
188806
188807
188808
188809
188810
188811
188812
188813
188814
188815
188816
188817
188818
188819
188820
188821
188822
188823
188824
188825
188826
188827
188828
188829
188830
188831
188832
188833
188834
188835
188836
188837
188838
188839
188840
188841
188842
188843
188844
188845
188846
188847
188848
188849
188850
188851
188852
188853
188854
188855
188856
188857
188858
188859
188860
188861
188862
188863
188864
188865
188866
188867
188868
188869
188870
188871
188872
188873
188874
188875
188876
188877
188877
188878
188879
188880
188881
188882
188883
188884
188885
188886
188887
188888
188889
188890
188891
188892
188893
188894
188895
188896
188897
188898
188899
188899
188989
188990
188991
188992
188993
188994
188995
188996
188997
188998
188999
188999
189111
189222
189333
189444
189520
189521
189555
189666
189777
189888
189890
189891
189892
189893
189894
189895
189896
189897
189898
189898
189899
189988
189990
189991
189992
189993
189994
189995
189996
189997
189998
189999
190111
190222
190333
190444
190520
190521
190555
190666
190777
190888
190999
191110
191111
191112
191113
191114
191115
191116
191117
191118
191119
191122
191212
191222
191314
191314
191333
191444
191520
191521
191555
191666
191777
191888
191999
192111
192121
192211
192220
192221
192222
192223
192224
192225
192226
192227
192228
192229
192233
192323
192333
192444
192520
192521
192555
192666
192777
192888
192999
193111
193222
193232
193322
193330
193331
193332
193333
193334
193335
193336
193337
193338
193339
193344
193434
193444
193520
193521
193555
193666
193777
193888
193999
194111
194222
194333
194343
194433
194440
194441
194442
194443
194444
194445
194446
194447
194448
194449
194455
194520
194521
194545
194555
194666
194777
194888
194999
195111
195200
195201
195202
195203
195204
195205
195206
195207
195208
195209
195210
195211
195212
195213
195214
195215
195216
195217
195218
195219
195222
195333
195444
195454
195520
195521
195544
195550
195551
195552
195553
195554
195555
195556
195557
195558
195559
195566
195656
195666
195777
195888
195999
196111
196222
196333
196444
196520
196521
196555
196565
196660
196661
196662
196663
196664
196665
196666
196667
196668
196669
196677
196777
196888
196999
197111
197222
197333
197444
197520
197521
197555
197666
197676
197766
197770
197771
197772
197773
197774
197775
197776
197777
197778
197779
197788
197878
197888
197999
198111
198222
198333
198444
198520
198521
198555
198666
198777
198787
198877
198880
198881
198882
198883
198884
198885
198886
198887
198888
198889
198899
198980
198981
198982
198983
198984
198985
198986
198987
198988
198989
198989
198999
199111
199222
199333
199444
199520
199521
199555
199666
199777
199880
199881
199882
199883
199884
199885
199886
199887
199888
199889
199898
199900
199901
199902
199903
199904
199905
199906
199907
199908
199909
199910
199911
199912
199913
199914
199915
199916
199917
199918
199919
199920
199921
199922
199923
199924
199925
199926
199927
199928
199929
199930
199931
199932
199933
199934
199935
199936
199937
199938
199939
199940
199941
199942
199943
199944
199945
199946
199947
199948
199949
199950
199951
199952
199953
199954
199955
199956
199957
199958
199959
199960
199961
199962
199963
199964
199965
199966
199967
199968
199969
199970
199971
199972
199973
199974
199975
199976
199977
199978
199979
199980
199981
199982
199983
199984
199985
199986
199987
199988
199989
199990
199991
199992
199993
199994
199995
199996
199997
199998
199999
100960
100961
100962
100963
100964